01111111111111111111111111111111
10111111111111111111111111111110
11011111111111111111111111111100
11101111111111111111111111111000
11110111111111111111111111110000
11111011111111111111111111100000
11111101111111111111111111000000
11111110111111111111111110000000
11111111011111111111111100000000
11111111101111111111111000000000
11111111110111111111110000000000
11111111111000000000000000000000
11111111111011111111100000000000
11111111111011111111100000000000
11111111111011111111100000000000
11111111111011111111100000000000
11111111111011111111100000000000
11111111111011111111100000000000
11111111111011111111100000000000
11111111111011111111100000000000
11111111111011111111100000000000
11111111111000000000010000000000
11111111110000000000001000000000
11111111100000000000000100000000
11111111000000000000000010000000
11111110000000000000000001000000
11111100000000000000000000100000
11111000000000000000000000010000
11110000000000000000000000001000
11100000000000000000000000000100
11000000000000000000000000000010
10000000000000000000000000000001
10000000000000011000000000000001
10000000000000011000000000000001
10000000000000011000000000000001
10000000000000011000000000000001
10000000000000011000000000000001
10000000000000011000000000000001
10000000000000011000000000000001
11111111111111111111111111111111
00000001100000000000000110000000
00000001100000000000000110000000
00000001100000000000000110000000
00000001100000000000000110000000
00000001100000000000000110000000
00000001100000000000000110000000
00000001100000000000000110000000
11111111111111111111111111111111
10000000000000011000000000000001
10000000000000011000000000000001
10000000000000011000000000000001
10000000000000011000000000000001
10000000000000011000000000000001
10000000000000011000000000000001
10000000000000011000000000000001
11111111111111111111111111111111
00000001100000000000000110000000
00000001100000000000000110000000
00000001100000000000000110000000
00000001100000000000000110000000
00000001100000000000000110000000
00000001100000000000000110000000
00000001100000000000000110000000
11111111111111111111111111111111
00000000000000000000000000000000
00000000000000000000000000000000
00000000000000000000000000000000
00000000000000000000000000000000
00000000000000000000000000000000
00000000000000000000000000000000
00000000000000000000000000000000
00000000000000000000000000000000
00000000000000000000000000000000
00000000000000000000000000000000
00000000000000000000000000000000
00000000000000000000000000000000
00000000000000000000000000000000
00000000000000000000000000000000
00000000000000000000000000000000
00000000000000000000000000000000
00000000000000000000000000000000
00000000000000000000000000000000
00000000000000000000000000000000
00000000000000000000000000000000
00000000000000000000000000000000
00000000000000000000000000000000
00000000000000000000000000000000
00000000000000000000000000000000
00000000000000000000000000000000
00000000000000000000000000000000
00000000000000000000000000000000
00000000000000000000000000000000
00000000000000000000000000000000
00000000000000000000000000000000
00000000000000000000000000000000
00000000000000000000000000000000
00000000000000000000000000000000
00000000000000000000000000000000
00000000000000000000000000000010
00011111111111111111111111111010
00010000000000000000000000000010
00010000000000000000000000000010
00010000000000000000000000100010
00010001111111111111111110100010
00010001000000000000000000100010
00010001000000000000000000100010
00010001000000000000001000100010
00010001000111111111101000100010
00010001000100000000001000100010
00010001000100000000001000100010
00010001000100000010001000100010
00010001000100010010001000100010
00010001000100000010001000100010
00010001000100000010001000100010
00010001000100111110001000100010
00010001000100000000001000100010
00010001000100000000001000100010
00010001000000000000001000100010
00010001001111111111111000100010
00010001000000000000000000100010
00010001000000000000000000100010
00010000000000000000000000100010
00010011111111111111111111100010
00010000000000000000000000000010
00010000000000000000000000000010
00000000000000000000000000000010
00111111111111111111111111111110
00000000000000000000000000000000