00000000000000000000000000000000
00000000000000000000000000000000
00000000000000000000000000000000
00000000000000000000000000000000
00000000000000000000000000000000
00000000000000000000000000000000
00000000000000000000000000000000
00000000000000000000000000000000
00000000000000000000000000000000
00000000000000000000000000000000
00000000000000000000000000000000
00000000000000000000000000000000
00000000000000000000000000000000
00000000000000000000000000000000
00000000000000000000000000000000
00000000000000000000000000000000
00000000000000000000000000000000
00000000000000000000000000000000
00000000000000000000000000000000
00000000000000000000000000000000
00000000000000000000000000000000
00000000000000000000000000000000
00000000000000000000000000000000
00000000000000000000000000000000
00000000000000000000000000000000
00000000000000000000000000000000
00000000000000000000000000000000
00000000000000000000000000000000
00000000000000000000000000000000
00000000000000000000000000000000
00000000000000000000000000000000
00000000000000000000000000000000
10111111111111111011111111111111
10111111111111111011111111111111
10111111111111111011111111111111
10111111111111111011111111111111
10111111111111111011111111111111
10111111111111111011111111111111
10000000000000011000000000000001
11111111111111111111111111111111
11111111101111111111111110111111
11111111101111111111111110111111
11111111101111111111111110111111
11111111101111111111111110111111
11111111101111111111111110111111
11111111101111111111111110111111
00000001100000000000000110000000
11111111111111111111111111111111
10111111111111111011111111111111
10111111111111111011111111111111
10111111111111111011111111111111
10111111111111111011111111111111
10111111111111111011111111111111
10111111111111111011111111111111
10000000000000011000000000000001
11111111111111111111111111111111
11111111101111111111111110111111
11111111101111111111111110111111
11111111101111111111111110111111
11111111101111111111111110111111
11111111101111111111111110111111
11111111101111111111111110111111
00000001100000000000000110000000
11111111111111111111111111111111
11111111111111111111111111111111
11000000000000000000000000000001
10100000000000000000000000000011
10010000000000000000000000000111
10001000000000000000000000001111
10000100000000000000000000011111
10000010000000000000000000111111
10000001000000000000000001111111
10000000100000000000000011111111
10000000010000000000000111111111
10000000001000000000001111111111
10000000000111111111111111111111
10000000000100000000011111111111
10000000000100000000011111111111
10000000000100000000011111111111
10000000000100000000011111111111
10000000000100000000011111111111
10000000000100000000011111111111
10000000000100000000011111111111
10000000000100000000011111111111
10000000000100000000011111111111
10000000000111111111101111111111
10000000001111111111110111111111
10000000011111111111111011111111
10000000111111111111111101111111
10000001111111111111111110111111
10000011111111111111111111011111
10000111111111111111111111101111
10001111111111111111111111110111
10011111111111111111111111111011
10111111111111111111111111111101
11111111111111111111111111111111
11111111111111111111111111111111
10000000000000000000000000000001
10111111111111111111111111111111
10111111111111111111111111111111
10111111111111111111111111110111
10111000000000000000000000010111
10111011111111111111111111110111
10111011111111111111111111110111
10111011111111111111111101110111
10111011100000000000000101110111
10111011101111111111111101110111
10111011101111111111111101110111
10111011101111111111011101110111
10111011101110000001011101110111
10111011101110111111011101110111
10111011101110110111011101110111
10111011101110100111011101110111
10111011101110111111011101110111
10111011101110111111011101110111
10111011101111111111011101110111
10111011101100000000011101110111
10111011101111111111111101110111
10111011101111111111111101110111
10111011111111111111111101110111
10111011000000000000000001110111
10111011111111111111111111110111
10111011111111111111111111110111
10111111111111111111111111110111
10110000000000000000000000000111
10111111111111111111111111111111
10111111111111111111111111111111
11111111111111111111111111111111