0000100001001001100111111
0000000000000000000000000
1111000000001001100100000
0000100010001001000111111
1111000001001001000100000
0000100011001001111111111
1111000010001001111100000
0000100100001000100111111
1111000011001000100100000
0000100101001001111111111
1111000100001001111100000
0000100110001010011011111
1111000101001010011000000
0000100111000101000011111
1111000110000101000000000
0000101000000111111011111
1111000111000111111000000
0000101001001010011011111
1111001000001010011000000
0000000000000000000000000
0000000000000000000000000
0000000000000000000000000
0000000000000000000000000
0000000000000000000000000
0000000000000000000000000
0000000000000000000000000
0000000000000000000000000
0000000000000000000000000
0000000000000000000000000
0000000000000000000000000
0000000000000000000000000
0000000000000000000000000