00000000000
00000000000
00000000000
00000000000
01010001100
01000111100
00000000000
00000000000
00101001001
10101011000
11101110001
00000000000
11110001000
10011010010
10100111011
00000000000
10101110100
11010010000
11101101110
11111110111
01111110010
10011011010
00011011100
00000000000
11001000110
00101101010
10110010001
01010111011
00101010110
10100110011
11101010010
11101001101
00100110110
01000010000
11010101011
00000000000
00000000000
00000000000
00000000000
00000000000
00000000000
00000000000
00000000000
00000000000
00000000000
00000000000
00000000000
00000000000
00000000000
00000000000
00000000000
00000000000
00000000000
00000000000
00000000000
00000000000
00000000000
00000000000
00000000000
00000000000
00000000000
00000000000
00000000000
00000000000