00000000000000000000000000000000
00000000000000000000000000000000
00000000000000000000000000000000
00000000000000000000000000000000
00000000000000000000000000000000
00000000000000000000000000000000
00000000000000000000000000000000
00000000000000000000000000000000
00000000000000000000000000000000
00000000000011110000000000000000
00000000000111111100000000000000
00000000000001111110000000000000
00000000000000001110000000000000
00000000011000000000000000000000
00000001111111100000000000000000
00000011100111111110000000000000
00011111110111111111110000000000
00111111110111111110111000000000
01111111100111111111011100000000
01111111111111111111111110000000
01111111111111111111111011000000
00110011011000011111111111100000
00000000000000111111101110110000
00000000000001111111111111101000
00000000000001111101111011011000
00111001100111111111111111110100
00111111111111111111011010110100
00011111111111111111111111011000
00000111111111111111011100110110
00000000111111110111111011010010
00000001111111111111100110001010
00000011111111111110110110101101
00000000000000000000000000000000
00000000000000000000000000000000
00000000000000000000000000000000
00000000000000000000000000000000
00000000000000000000000000000000
00000000000000000000000000000000
00000000000000000000000000000000
00000000000000000000000000000000
00000000000000000000000000000000
00000000000000000000000000000000
00000000000000000000000000000000
00000000000000000000000000000000
00000000000011110000000000000000
00000000000111111100000000000000
00000000000001111110000000000000
00000000000000001110000000000000
00000000011000000000000000000000
00000001111111100000000000000000
00000011100111111110000000000000
00011111110111111111110000000000
00111111110111111110111000000000
01111111100111111111011100000000
01111111111111111111111110000000
01111111111111111111111011000000
00110011011000011111111111100000
00111001100111111111111111110000
00111111111111111111011010110000
00011111111111111111111111011000
00000111111111111111011100110100
00000000111111110111111011010000
00000001111111111111100110001010
00000011111111111110110110101101
00000000000000000000000000000000
00000000000000000000000000000000
00000000000000000000000000000000
00000000000000000000000000000000
00000000000000000000000000000000
00000000000000000000000000000000
00000000000000000000000000000000
00000000000000000000000000000000
00000000000000000000000000000000
00000000000000000000000000000000
00000000000000000000000000000000
00000000000000000000000000000000
00000000000000000000000000000000
00000000000000000000000000000000
00000000000000000000000000000000
00000000000000000000000000000000
00000000000000000000000000001000
00000000000000000000000000110100
00011100000000000000000011000100
00010011000000000000000100000100
00010100110000000000000000000100
00100110000000000000000000000100
00100101000000000000000001100100
00101100100000000000000110100010
00101000011000000000011000100010
00101000000000000000000010010010
01001000100000000000001101010010
01011001011110000000110001010011
01000001000000000000000001001000
01000001000000000000000001101000
01000001000000000000000000001000
11000011000000000000000000001100
00000000000000000000000000000000
00000000000000000000000000000000
00000000000000000000000000000000
00000000000000000000000000000000
00000000000000000000000000000000
00000000000000000000000000000000
00000000000000000000000000000000
00000000000000000000000000000000
00000000000000000000000000000000
00000000000000000000000000000000
00000000000000000000000000000000
00000000000000000000000000000000
00000000000000000000000000000000
00000000000000000000000000000000
00000000000000000000000000000000
00011000000000000000000000000000
00100100000000000000000000000000
00100011000000000000000001111000
00100000100000000000000110001000
00100000010000000000000000101000
00100000000000000000000001100100
00100110000000000000000010100100
01000101100000000000000100010100
01000100011000000000011000010100
01001101100000000000000000010100
01001001010000000000000010010010
11001001001110000000111101010010
00001001000000000000000001011010
00001011000000000000000001000010
00001000000000000000000001000010
00001000000000000000000001000010
00011000000000000000000001100011