00000000000000000000000000000000
00000000000000000000000000000000
00000000000000000000000000000000
00000000000000000000000000000000
00000000000000000000000000000000
00000000000000000000000000000000
00000000000000000000000000000000
00000000000000000000000000000000
00000000000000000000000000000000
00000000000000000000000000000000
00000000000000000000000000000000
00000000000000000000000000000000
00000000000000000000000000000000
00000000011000000000000000000000
00000001111111100000000000000000
00000011100111111110000000000000
00011111110111111111110000000000
00111111110111111111111000000000
01111111100111111111111100000000
01111111111111111111111110000000
01111111111111111111111111000000
00110011011000011111111111100000
00000000000000111111111111110000
00000000000001111111111111111000
00000000000001111111111111111000
00111001100111111111111111111100
00111111111111111111111111111100
00011111111111111111111111111100
00000111111111111111111111111110
00000000111111111111111111111110
00000001111111111111111111111110
00000011111111111111111111111111
00000000000000000000000000000000
00000000000000000000000000000000
00000000000000000000000000000000
00000000000000000000000000000000
00000000000000000000000000000000
00000000000000000000000000000000
00000000000000000000000000000000
00000000000000000000000000000000
00000000000000000000000000000000
00000000000000000000000000000000
00000000000000000000000000000000
00000000000000000000000000000000
00000000000000000000000000000000
00000000000000000000000000000000
00000000000000000000000000000000
00000000000000000000000000000000
00000000011000000000000000000000
00000001111111100000000000000000
00000011100111111110000000000000
00011111110111111111110000000000
00111111110111111111111000000000
01111111100111111111111100000000
01111111111111111111111110000000
01111111111111111111111111000000
00110011011000011111111111100000
00111001100111111111111111110000
00111111111111111111111111111000
00011111111111111111111111111000
00000111111111111111111111111100
00000000111111111111111111111100
00000001111111111111111111111110
00000011111111111111111111111111
00000000000000000000000000000000
00000000000000000000000000000000
00000000000000000000000000000000
00000000000000000000000000000000
00000000000011111111100000000000
00000000000111111111110000000000
00000000001111111111111000000000
00000000001110011100111000000000
00000000001100011000111000000000
00000000001100011000111000000000
00000000001111111111111000000000
00000000001111111111111000000000
00000000001011111111011000000000
00000000001100111100111000000000
00000000001111000011111000000000
00000000000111111111110000000000
00000000000011111111000000000000
00000000000000000000000000000000
00000000000000000000000000000000
00000000000000000000000000000000
00000000000000000000000000000000
00000000000000000000000000000000
00000000000000000000000000000000
00000000000000000000000000000000
00000000000000000000000000000000
00000000000000000000000000000000
00000000000000000000000000000000
00000000000000000000000000000000
00000000000000000000000000000000
00000000000000000000000000000000
00000000000000000000000000000000
00000000000000000000000000000000
00000000000000000000000000000000
00000000000000000000000000000000
00000000000000000000000000000000
00000000000011111111100000000000
00000000000111111111110000000000
00000000001111111111111000000000
00000000001110011100111000000000
00000000001100011000111000000000
00000000001100011000111000000000
00000000001111111111111000000000
00000000001111111111111000000000
00000000001011111111011000000000
00000000001100111100111000000000
00000000001111000011111000000000
00000000000111111111110000000000
00000000000011111111000000000000
00000000000000000000000000000000
00000000000000000000000000000000
00000000000000000000000000000000
00000000000000000000000000000000
00000000000000000000000000000000
00000000000000000000000000000000
00000000000000000000000000000000
00000000000000000000000000000000
00000000000000000000000000000000
00000000000000000000000000000000
00000000000000000000000000000000
00000000000000000000000000000000
00000000000000000000000000000000
00000000000000000000000000000000
00000000000000000000000000000000
00000000000000000000000000000000