00000000000000000000000000000000
00000000000000000000000000000000
00000000000000000000000000000000
00000000000000000000000000000000
00000000000000000000000000000000
00000000000000000000111000000000
00000000000000000011111110000000
00000000000000001111111111000000
00000000000000111111111111100000
00000000000000001111100011100000
00001111100000000011000000110000
00000111111110000000000000010000
00000000111111110000000000000000
00000000000111111111100000000000
00000000000000011111111000000000
00000000000000000001111100000000
00000000010000000000001111000000
00000000010000000000000000000000
00000000000000000000000000000000
00000000000000000000000000000000
00000000000000000000000000000000
00110011011000000000000000000000
00000000000000000000000000000000
00000000000000000000000000000000
00000000000000000000000000000000
00011001100100000000000000000000
00000000000000000000000000000000
00000000000000000000000000000000
00000000000000000000000000000000
00000000000000000000000000000000
00000000000000000000000000000000
00000000000000000000000000000000
00000000000000000000000000000000
00000000000000000000000000000000
00000000000000000000000000000000
00000000000000000000000000000000
00000000000000000000000000000000
00000000000000000000000000000000
00000000000000000000000011100000
00000000000000000000001111000000
00000000000000000000111110000000
00000000000000000011111100000000
00000000000000001111111000000000
00000000000000111111110000000000
00000000000000001111100000000000
00001111100000000011000000000000
00000111111110000000000000000000
00000000111111110000000000000000
00000000000111111111100000000000
00000000000000011111111000000000
00000000000000000001111100000000
00000000010000000000001111000000
00000000010000000000000000000000
00000000000000000000000000000000
00000000000000000000000000000000
00000000000000000000000000000000
00110011011000000000000000000000
00011001100100000000000000000000
00000000000000000000000000000000
00000000000000000000000000000000
00000000000000000000000000000000
00000000000000000000000000000000
00000000000000000000000000000000
00000000000000000000000000000000
00000000000000000000000000000000
00000000000000000000000000000000
00000000000000000000000000000000
00000000000000000000000000000000
00000000000011111111100000000000
00000000000111111111110000000000
00000000001111111111111000000000
00000000001110011100111000000000
00000000001100011000111000000000
00000000001100011000111000000000
00000000001111111111111000000000
00000000001111111111111000000000
00000000001011111111011000000000
00000000001100111100111000000000
00000000001111000011111000000000
00000000001111111111111000000000
00000000001111111111111000000000
00000000001111111111111000000000
00000000001111111111111000000000
00000000001111111111111000000000
00000000001111111111111000000000
00000000001111111111111000000000
00000000001111111111111000000000
00000000001111111111111000000000
00000000000111111111100000000000
00000000001111111111111000000000
00000000001111111111110000000000
00000000000001111111000000000000
00000000000011111111100000000000
00000000000000000000000000000000
00000000000000000000000000000000
00000000000000000000000000000000
00000000000000000000000000000000
00000000000000000000000000000000
00000000000000000000000000000000
00000000000011111111100000000000
00000000000111111111110000000000
00000000001111111111111000000000
00000000001110011100111000000000
00000000001100011000111000000000
00000000001100011000111000000000
00000000001111111111111000000000
00000000001111111111111000000000
00000000001011111111011000000000
00000000001100111100111000000000
00000000001111000011111000000000
00000000001111111111111000000000
00000000001111111111111000000000
00000000001111111111111000000000
00000000001111111111111000000000
00000000001111111111111000000000
00000000001111111111111000000000
00000000001111111111111000000000
00000000001111111111111000000000
00000000001111111111111000000000
00000000000111111111100000000000
00000000001111111111111000000000
00000000001111111111111000000000
00000000000001111111000000000000
00000000000011111111100000000000
00000000000000000000000000000000
00000000000000000000000000000000
00000000000000000000000000000000
00000000000000000000000000000000