11111111111111111111111111111111
10000000000000000000000000000001
10000000000000000000000000000001
10000000000000000000000000000001
10000000000000000000000000000001
10000000000000000000000000000001
10000000000000000000000000000001
10000000000000000000000000000001
10000000000000000000000000000001
10000000000000000000000000000001
10000000000000000000000000000001
10000000000000000000000000001001
10000000000000000000000000001111
10000000000000000000000000001111
10000000000000000000000000000111
10000000000000000000000000000111
10000000000000000000000000000011
10000000000000000000000000000001
10000000000000000000000000000001
10000000000000000000000000000001
10000000000000000000000000000001
10000000000000000000000000000000
10000000000000000000000000000000
10000000000000000000000000000000
10000000000000000000000000000000
10000000000000000000000000111111
10000000000000000000000111111111
10000000000000000000111111111111
10000000000000000111111111111111
10000000000000111111111111111111
10000000000111111111111111111111
11111111111111111111111111111111
11111111111111111111111111111111
10000000000000000000000000000001
10000000000000000000000000000001
10000000000000000000000000000001
10000000000000000000000000000001
10000000000000000000000000000001
10000000000000000000000000000001
10000000000000000000000000000001
10000000000000000000000000000111
10000000000000000000000000000011
10000000000000000000000000000011
10000000000000000000000000000011
10000000000000000111111000000001
10000000000000000000000000000000
10000000000000000000000000000000
10000000000000000000000000110000
10000000000000000000000001110000
10000000000000000111111111111111
10000000001000000001111111111111
10000000001000000001111111111111
10000000001111100001111111111111
00000000000000000001111111111111
00000000000000000001111111111111
00000000000000000001111111111111
00000000000000000001111111111111
11111111111111111111111111111111
11111111111111111111111111111111
11111111111111111111111111111111
11111111111111111111111111111111
11111111111111111111111111111111
11111111111111111111111111111111
11111111111111111111111111111111
11111111111111111111111111111111
10000000000000000000000000000001
10000000000000000000000000000001
10000000000000000000000000000001
10000000000000000000000000000001
10000000000000000000000000000001
10000000000000000000000000000001
10000000000001000010000000000001
10000000000011000011000000000001
10000000000111100111100000000001
10000111111111111111111110000001
10000111111111111111111110000001
10000111111111111111111110000001
00000111111111111111111110000001
00000111111111111111111110000001
00000111111111111111111110000001
00000111111111111111111000000001
10000111111111111111110000000001
11000111111111000000000000000011
11111111111111000000000000000111
11111111111111000000000000011111
11111111111111000000000000000001
11111111111111000000000000000001
11111111111111000000000000000001
11111111111111000000000000000001
11111111111111000000000000000001
11111111111111110000000000000001
11111111111111111111110000000000
11111111111111111111111110000000
11111111111111111111111111000000
11111111111111111111111111111000
11111111111111111111111111111111
11111111111111111111111111111111
10000000000000000000000000000001
10000000000000000000000000000001
10000000000000000000000000000001
10000000000000000000000000000001
10000000000000000000000000000000
10000000000000111110000000000000
10000000000000111111000000000000
10000000000000111111100000000000
10000000000000111111111111111111
11100000011111111111111111111111
10000000011111111111111111111111
10000000011111111111111111111111
10000000011111111111111111111111
10000001111111111111111111111111
10000000011111111111111111111111
10000000011111111111111111111111
10000000011111111111111111111111
11100000011111111111111111111111
10000000011111111111111111111111
10000000011111111111111111111111
10000000011111111111111111111111
10000001111111111111111111111111
10000000011111111111111111111111
10000000011111111111111111111111
11100000011111111111111111111111
10000000011111111111111111111111
00000000011111111111111111111111
00000001111111111111111111111111
00000000011111111111111111111111
00000000011111111111111111111111
11111111111111111111111111111111
11111111111111111111111111111111
10000000000000000000111111111111
10000000000000000000001111111111
10000000000000000000000011111111
10000000000000000000000000000001
00000000000000000000000000000001
00000000000000000000000000000001
00000000000000000000000000000001
00000000000000000000000000000001
11110000000000000000000000000001
11111111111000000000000000000001
11111111111111111111110000000001
11111111111111111111100000000011
11111111111111111111000000000111
11111111111111111110000000001111
11111111111111111100000000011111
11111111111111111000000000111111
11111100000000000000000001111111
11111000000000000000000011111111
11110000000000000000000111111111
11100000000000011111111111111111
11000000000000000000000000000001
10000000000000000000000000000001
10000000000000000000000000000001
10000000000000000000000000000001
10000000000000000000001110000001
11000000000000000000000000000001
11100000000001111110000000000000
11110000000000000000000000000000
11111000000000000000000000000000
11111100000000000000000000000000
11111111111111111111111111111111
11111111111111111111111111111111
11111111111111111000000000000000
11111111111111111000000000000000
11111111111111111000000000000000
11111111111111111000000000000000
11111111111111111000000000000000
11111111111111111000111111111111
11111111111111111000111111111111
11111111111111111000111111111111
11111111111111111000111111111111
11110000000000001000111111111111
11110000000000001000111111111111
11110000000000001000111111111111
11110000000000001000111111111111
11110000000000001000111111111111
11110000000000001000111111111111
11110001111100001000111111111111
11110001111100001000111111111111
11110001111100001000111111111111
11110001111100001000111111111111
11110001111100001000111111111111
11110001111100001000111111111111
11110001111100001000111111111111
11110001111100001000111111111111
11110001111100001000111111111111
11110001111100001000111111111111
11110001111100001000111111111111
00000001111100000000111111111111
00000001111100000000111111111111
00000001111100000000111111111111
00000001111100000000111111111111
11111111111111111111111111111111
11111111111111111111111111111111
00001111111111111111111111111111
00001111111111111111111111111111
00001111111111111111111111111111
00001111111111111111111111111111
00001111111111111111111111111111
10000000000000000000000000000001
10000000000000000011100000000001
10000000000000000000000000000001
10000000000000111100011100000001
10011100000000000000000000000001
10000000111000000000000000111101
10000000000000011111100000000001
10000000000000000000000000000001
10111100011100000000000111110000
10000000000000000110000000000000
10000000000111000000000000000111
10000000000000000000011111100001
10011111000000000000000000000001
10000000000000011100000000000001
10000000000000000000000000000001
11111111111111111111111111111111
11111111111111111111111111111111
11111111111111111111111111111111
11111111111111111111111111111111
11111111111111111111111111111111
11111111111111111111111111111111
11111111111111111111111111111111
11111111111111111111111111111111
11111111111111111111111111111111
11111111111111111111111111111111
11111111111111111111111111111111
11111111111111111111111111111111
11111111111111111111111111111111
11111111111111100000001111111111
11111111111000000000000111111111
11111111100000000000000011111111
11111111000000000000000000000111
11111100000000000000000000000111
11111000000000000000000000000011
11110000000000011100000000000011
11110000000001111111100000000011
11110000000111111111111000000001
11110000001111111111111100000001
11111000000111111111111100000000
11111100000000000011111111000000
00011110000000000000011111100011
00001111100000000000001111100011
10000111111100000000000111100001
10000011111111000000000011100001
11000001111111111100000001110001
11000000111111111111000001110001
11100000001111111111000000111001
11110000000000000011100000111001
11110000000000000000000000111001
11111000000000000000000001110001
11111100000000000000000011110001
11111110000000000000000111110011
11111111111111111111111111100011
11111111111111111111111111100000
11111111111111111111111111110000
11111111111111111111111111111100
11111111111111111111111111111111
11111111111111111111111111111111
11111111111111111111111111111111
11111111111110000000000000000000
11111111111110000000000000000000
11111111111100000000000000000000
11111111111000000000000000000000
11111111110000000000000000000000
11111111100000000000000000111111
11111111000000000000000001111111
11111111000000000000000011111111
11111111000000000000000111111111
11111110000000000000001111111111
11111110000000000000011111111111
11111110000000000000111111111111
11111100000000000001111111111111
11111000000000000011111111111111
11111000000000000111111111111111
11111000000000001111111111111111
11110000000000011111111111111111
11110000000000111111111111111111
11100000000001111111111111111111
11100000000011111111111111111111
11100000000111111111111111111111
11000000001111111111111111111111
11000000011111111111111111111111
11000000111111111111111111111111
10000001111111111111111111111111
10000011111111111111111111111111
00000111111111111111111111111111
00001111111111111111111111111111
00011111111111111111111111111111
11111111111111111111111111111111
11111111111111111111111111111111
11111111111111111111111111111111
00000000000000000000000000000001
00000000000000000000000000000001
00000000000000000000000000000001
00000000000000000000000000000001
00000000000000000000000000000001
11111000000000000000000000000001
10000000000000000000000000000001
10000000000000000000000000000001
10000000000000000000000000000001
10000000000000000000000000000001
10000000000000000000000000000001
10000000000000000000000000000001
10000000000000000000000000000001
10000000000000000000000000000001
10000000000000000000000000000001
10000000000000000000000000000001
10000000000000000000000000000001
10000000000000000000000000000001
10000000000000000000000000000001
10000000000000000000000000000001
10000000000000000000000000000001
10010101110101000101010101101001
10001001010101000101010101011001
10001001110111000010100101001001
10000000000000000000000000000001
10000000000000000000000000000001
10000000000000000000000000000001
11111111111111111111111111111111
11111111111111111111111111111111
11111111111111111111111111111111
11111111111111111111111111111111
00000000000000000000000000000000
00000000000000000000000000000000
00000000000000000000000000000000
00000000000000000000000000000000
00000000000000000000000000000000
00000000000000000000000000000000
00000000000000000000000000000000
00000000000000000000000000000000
00000000000000000000000000000000
00000000000000000000000000000000
00000000000000000000000000000000
00000000000000000000000000000000
00000000000000000000000000000000
00000000000000000000000000000000
00000000000000000000000000000000
00000000000000000000000000000000
00000000000000000000000000000000
00000000000000000000000000000000
00000000000000000000000000000000
00000000000000000000000000000000
00000000000000000000000000000000
00000000000000000000000000000000
00000000000000000000000000000000
00000000000000000000000000000000
00000000000000000000000000000000
00000000000000000000000000000000
00000000000000000000000000000000
00000000000000000000000000000000
00000000000000000000000000000000
00000000000000000000000000000000
00000000000000000000000000000000
00000000000000000000000000000000
00000000000000000000000000000000
00000000000000000000000000000000
00000000000000000000000000000000
00000000000000000000000000000000
00000000000000000000000000000000
00000000000000000000000000000000
00000000000000000000000000000000
00000000000000000000000000000000
00000000000000000000000000000000
00000000000000000000000000000000
00000000000000000000000000000000
00000000000000000000000000000000
00000000000000000000000000000000
00000000000000000000000000000000
00000000000000000000000000000000
00000000000000000000000000000000
00000000000000000000000000000000
00000000000000000000000000000000
00000000000000000000000000000000
00000000000000000000000000000000
00000000000000000000000000000000
00000000000000000000000000000000
00000000000000000000000000000000
00000000000000000000000000000000
00000000000000000000000000000000
00000000000000000000000000000000
00000000000000000000000000000000
00000000000000000000000000000000
00000000000000000000000000000000
00000000000000000000000000000000
00000000000000000000000000000000
00000000000000000000000000000000
00000000000000000000000000000000
00000000000000000000000000000000
00000000000000000000000000000000
00000000000000000000000000000000
00000000000000000000000000000000
00000000000000000000000000000000
00000000000000000000000000000000
00000000000000000000000000000000
00000000000000000000000000000000
00000000000000000000000000000000
00000000000000000000000000000000
00000000000000000000000000000000
00000000000000000000000000000000
00000000000000000000000000000000
00000000000000000000000000000000
00000000000000000000000000000000
00000000000000000000000000000000
00000000000000000000000000000000
00000000000000000000000000000000
00000000000000000000000000000000
00000000000000000000000000000000
00000000000000000000000000000000
00000000000000000000000000000000
00000000000000000000000000000000
00000000000000000000000000000000
00000000000000000000000000000000
00000000000000000000000000000000
00000000000000000000000000000000
00000000000000000000000000000000
00000000000000000000000000000000
00000000000000000000000000000000
00000000000000000000000000000000
00000000000000000000000000000000
00000000000000000000000000000000
00000000000000000000000000000000
00000000000000000000000000000000
00000000000000000000000000000000
00000000000000000000000000000000
00000000000000000000000000000000
00000000000000000000000000000000
00000000000000000000000000000000
00000000000000000000000000000000
00000000000000000000000000000000
00000000000000000000000000000000
00000000000000000000000000000000
00000000000000000000000000000000
00000000000000000000000000000000
00000000000000000000000000000000
00000000000000000000000000000000
00000000000000000000000000000000
00000000000000000000000000000000
00000000000000000000000000000000
00000000000000000000000000000000
00000000000000000000000000000000
00000000000000000000000000000000
00000000000000000000000000000000
00000000000000000000000000000000
00000000000000000000000000000000
00000000000000000000000000000000
00000000000000000000000000000000
00000000000000000000000000000000
00000000000000000000000000000000
00000000000000000000000000000000
00000000000000000000000000000000
00000000000000000000000000000000
00000000000000000000000000000000
00000000000000000000000000000000
00000000000000000000000000000000
00000000000000000000000000000000
00000000000000000000000000000000
00000000000000000000000000000000
00000000000000000000000000000000
00000000000000000000000000000000
00000000000000000000000000000000
00000000000000000000000000000000
00000000000000000000000000000000
00000000000000000000000000000000
00000000000000000000000000000000
00000000000000000000000000000000
00000000000000000000000000000000
00000000000000000000000000000000
00000000000000000000000000000000
00000000000000000000000000000000
00000000000000000000000000000000
00000000000000000000000000000000
00000000000000000000000000000000
00000000000000000000000000000000
00000000000000000000000000000000
00000000000000000000000000000000
00000000000000000000000000000000
00000000000000000000000000000000
00000000000000000000000000000000
00000000000000000000000000000000
00000000000000000000000000000000
00000000000000000000000000000000
00000000000000000000000000000000
00000000000000000000000000000000
00000000000000000000000000000000
00000000000000000000000000000000
00000000000000000000000000000000
00000000000000000000000000000000
00000000000000000000000000000000
00000000000000000000000000000000
00000000000000000000000000000000
00000000000000000000000000000000
00000000000000000000000000000000
00000000000000000000000000000000
00000000000000000000000000000000
00000000000000000000000000000000
00000000000000000000000000000000
00000000000000000000000000000000
00000000000000000000000000000000
00000000000000000000000000000000
00000000000000000000000000000000
00000000000000000000000000000000
00000000000000000000000000000000
00000000000000000000000000000000
00000000000000000000000000000000
00000000000000000000000000000000
00000000000000000000000000000000
00000000000000000000000000000000
00000000000000000000000000000000
00000000000000000000000000000000
00000000000000000000000000000000
00000000000000000000000000000000
00000000000000000000000000000000
00000000000000000000000000000000
00000000000000000000000000000000